Start
0.005735616816768257
-0.0714834565750233
-0.035940492591209655
0.06211744287040834
0.07906845294010456
0.08697552597066696
0.053466630561344
-0.06173952185816695
-0.04756592011990315
-0.07108118041384191
-0.0066287553583676394
-0.09742815783280379
-0.016723187924734564
-0.01548669070035773
-0.0024922566678340055
-0.07886429103899979
0.0745631291598232
0.06412473478237847
-0.04076749697449549
-0.062444979627959814
-0.037655269226659425
-0.10382929041757487
-0.06939201874091193
0.040410019768049026
0.06609859144155297
-0.10539782278890646
-0.00453688396776009
-0.030219226871993094
0.06149199569024889
0.05578548441706447
-0.030730123475183654
0.01754021492877851
-0.07953211256742801
-0.057455128853204813
0.06254443483632703
-0.008430591944846733
-0.0004712883232815443
0.04216841225337248
0.05702464852812901
0.07122828648212531
0.0874727578318979
0.0078081130555212284
-0.012250087788553706
0.03003452920968597
0.04802711773042293
0.037980299842241515
-0.05946772122253499
0.01980944063783723
-0.11969953176294881
-0.05819248588094164
0.09497287660469984
-0.08051682524813862
0.030059952808272034
-0.025017108333788354
-0.07417825015796248
-0.013823385929862512
-0.04911625658430116
-0.0976304044486173
-0.022844478448601407
-0.10031075745771588
0.06628787703987941
-0.05262021175812176
0.06536112911724501
-0.06584742075613058
0.06796566279244631
-0.08637843063103515
0.11095458296011138
-0.006981976146515855
-0.089292708190611
0.004685927529547312
-0.015778367999205966
0.051520714876106655
-0.044040282537678645
0.006591960214954217
-0.022029561463837735
-0.009474483564305471
-0.06308082402979481
0.04544771242057236
0.05615308202539166
-0.016471307162705496
0.06829987373731508
-0.05790914005669962
-0.07442576114606782
-0.018049130725224183
-0.044848484641377896
-0.01693007799486606
0.027586428142207717
-0.06141322435773004
0.08869207075379168
-0.08534874032151432
-0.10230320313515678
-0.00021492121133970382
0.057159531069463185
-0.007849798171332165
0.08712305219930642
-0.10778419202270158
0.03539760232259373
0.024394733465215482
0.025948641676383034
0.0206242180460062
End
Start
-0.15903723229561526
0.07173180879522374
-0.07322838602185734
-0.05757210733905934
-0.04600297507827416
-0.09570769214935872
-0.06458392809549639
-0.010439350555515231
0.1353580481359293
0.013577848206419918
-0.07220792227152932
-0.08567863879892677
0.15070858943430124
0.0747399933261494
0.08309062227017254
0.12719055997099218
0.06266454384823862
0.13564091604312006
0.021115252933023368
0.028883852099525424
0.05580802725969211
-0.17635688556723014
0.123708965113424
0.14828327778795947
-0.08172388262980498
0.1352421109680087
0.14192540543865148
-0.17427385588104347
0.0810785777441099
-0.07865609648719298
-0.0238465349961509
0.12494662570546738
0.00027350104183428343
0.02814854498445392
-0.09525507592193973
0.09053349651196266
0.034421842028928215
0.07500853613034104
0.00641229325660351
0.024746761446038008
-0.055216387594879214
-0.01947058148769962
0.0020126782726124855
-0.05156440347117443
0.05022365796429362
0.13144198402876617
-0.06773411975243425
-0.081278957864494
-0.0781940212969052
-0.07375212619823336
0.16633960052399138
0.02008013866203235
-0.05027764395017239
-0.0299543358516104
-0.10749078875162597
0.12355482923650449
-0.1077730049319129
0.1556667173813898
0.1697848241303728
0.09541508829220169
-0.06845920207768338
0.06109988945130165
0.04333900947398113
0.17225025189072618
-0.09161751802211261
0.019281601239866497
0.1335915411896619
-0.01695962919112895
-0.04938951283161792
0.12981139117955082
-0.055780398680701226
-0.12242079701682101
0.07849131642592436
-0.08480293413337424
0.11625304637176441
0.13738270638606576
0.17065277893611258
0.06981985604855544
0.10217230220459099
-0.06275979451513451
0.06828005379667157
0.06791677384193592
0.05586064748171087
0.058182657471654346
-0.022104513730372144
-0.09591776125674495
-0.05837639013558223
0.0456648002509363
0.12462623017080623
-0.026379756599992844
0.1299501041967723
0.11716319160909984
-0.07470981265213723
0.10802566911616224
0.06033388925602465
-0.02008167955424933
0.049003408828712056
-0.03666448788719337
0.16171139312147
-0.0728465971144703
End
Start
-0.056826014574074636
-0.10801770633235803
0.07484315348394159
-0.08511229327593436
-0.05610036367721858
0.1408987661713893
0.1324296143773072
0.03448279330118239
-0.12689914806442953
-0.13937973606603546
-0.031770254214376556
0.16763071732309245
-0.0914635097329942
-0.0523551876404333
0.003773496645214745
0.028942050038445896
-0.004179004416561785
-0.06351073357221539
-0.0662858235245168
0.054007363303261106
0.1281327319123724
-0.07753731712513207
-0.11766427806780787
-0.1446964325807757
-0.006567166475505129
0.024043431556034917
0.1522229828914602
0.039876445696100056
-0.014596328294931429
0.16496814754945366
0.13907823291815335
0.032416884790897695
0.09633593012561888
-0.1038676760402607
-0.07681187467450039
0.14240154828547655
0.11523863195753012
-0.08177186993693239
0.17554251415336777
-0.1459278808844453
-0.08637512111392348
0.002456835143404814
-0.17641238495662478
0.00698948266887118
0.11581535205175203
-0.10025515075394988
-0.06093349769476964
0.07937654353486297
0.1502830271446126
-0.12044479589190384
-0.05087889913273381
-0.029717347300899852
-0.07578482292542282
-0.1475357200043415
0.022010464398694925
-0.06886196416663148
0.13306003606102587
0.02239609362082318
-0.05893115370411977
-0.08496839972239612
0.0035054627226135263
0.06748738046597184
-0.15389061002150164
-0.010302456641750302
0.06096243028235751
-0.16136752471692684
0.11145750695076326
-0.0670412009081049
0.14101432058450303
0.05510182390156036
-0.10700171244449655
0.11713529537569177
0.11459108621789907
-0.054112478714355955
0.14212257870496414
0.03439885494340229
0.1510329753736655
0.03912720146369192
0.009509020872767867
0.15924122700970078
0.04441343464379496
0.044014626260265824
-0.039706801398230504
-0.05121644219944314
0.020481960671934415
-0.0131475306245462
-0.11401353408983299
-0.06829875092961052
0.053112203934413474
-0.13242848563202528
0.10523504069402967
-0.07973798350062355
-0.047193445500213906
0.042948378582142836
-0.008105238835305178
0.05703814513909121
-0.1488868279193005
0.02038774849914933
0.08916153990801133
-0.045049696065884076
End
Start
0.13094277329033455
0.1384355895056794
-0.2375940060074053
0.18975915765067872
End
